Frame,MSE_DefMean,MSE_Ours_BayF,MSE_Ours_KF,MSE_Ideal,MSE_BestHist,Avg_DefMean,Avg_Ours_BayF,Avg_Ours_KF,Avg_Ideal,Avg_BestHist
1,76.6423,76.5727,76.7302,74.0083,77.2998,76.6423,76.5727,76.7302,74.0083,77.2998
2,78.8750,78.8071,78.9566,76.3081,76.3081,77.7586,77.6899,77.8434,75.1582,76.8039
3,78.8750,78.8071,78.9537,76.3081,76.3081,78.1308,78.0623,78.2135,75.5415,76.6387
4,79.6466,79.6310,80.4432,78.2591,78.2591,78.5097,78.4545,78.7709,76.2209,77.0438
5,103.7129,103.4095,83.7342,102.3417,104.2095,83.5504,83.4455,79.7636,81.4451,82.4769
6,100.8568,100.4828,86.5309,100.0664,100.2328,86.4348,86.2850,80.8915,84.5486,85.4362
7,94.6937,94.4877,88.2244,94.2346,96.3463,87.6146,87.4568,81.9390,85.9323,86.9948
8,96.6783,96.2957,92.0228,95.1056,96.0149,88.7476,88.5617,83.1995,87.0790,88.1223
9,102.4216,102.2679,100.2647,101.8843,102.0685,90.2669,90.0846,85.0956,88.7240,89.6719
10,104.5102,104.7843,101.4363,102.1119,103.8854,91.6912,91.5546,86.7297,90.0628,91.0933
11,107.0624,106.6426,102.3838,102.6291,103.9520,93.0886,92.9262,88.1528,91.2052,92.2622
12,104.1568,104.0132,105.1337,103.5762,104.6464,94.0110,93.8501,89.5679,92.2361,93.2942
13,63.0861,63.0871,68.5451,62.8048,62.8048,91.6321,91.4837,87.9507,89.9722,90.9489
14,64.4261,64.3969,66.6894,64.4528,64.7384,89.6888,89.5490,86.4321,88.1494,89.0767
15,64.2453,64.2624,65.2425,64.6235,64.6235,87.9926,87.8632,85.0194,86.5810,87.4465
16,60.7748,60.7420,61.9126,61.7088,61.9224,86.2915,86.1681,83.5752,85.0265,85.8513
17,61.2145,61.2318,61.9334,62.1760,62.3273,84.8164,84.7013,82.3022,83.6823,84.4675
18,61.6614,61.6387,61.2903,60.7091,63.4687,83.5300,83.4200,81.1349,82.4060,83.3009
19,61.7733,61.7713,61.2400,61.6698,61.6698,82.3849,82.2806,80.0878,81.3146,82.1624
20,62.1786,62.1799,60.8182,62.0574,62.0574,81.3746,81.2756,79.1243,80.3518,81.1572
21,60.6004,60.5685,60.1628,60.5217,61.2478,80.3853,80.2895,78.2214,79.4075,80.2091
22,59.9677,59.9549,59.6724,60.5766,61.0233,79.4573,79.3652,77.3782,78.5515,79.3370
23,60.2356,60.1819,59.7582,60.8901,61.3166,78.6215,78.5312,76.6121,77.7837,78.5535
24,57.5756,57.5482,57.6319,58.3324,58.9312,77.7446,77.6569,75.8213,76.9732,77.7359
25,57.1305,57.0815,57.4007,58.1830,58.8143,76.9201,76.8339,75.0845,76.2216,76.9791
26,57.2909,57.2746,57.5368,58.3547,58.8709,76.1651,76.0816,74.4096,75.5344,76.2826
27,58.4766,58.4629,58.8708,59.7043,60.3831,75.5100,75.4290,73.8341,74.9481,75.6937
28,61.3920,61.3808,58.7187,62.0787,63.8435,75.0057,74.9273,73.2942,74.4885,75.2705
29,60.5400,60.5242,59.5424,60.9072,62.9850,74.5069,74.4307,72.8200,74.0201,74.8469
30,60.9921,60.9619,60.3435,61.4159,63.1477,74.0564,73.9817,72.4041,73.6000,74.4569
31,60.1267,60.1315,60.1642,60.6705,62.0338,73.6071,73.5349,72.0093,73.1829,74.0561
32,48.8820,48.8646,50.7897,47.5179,50.8784,72.8344,72.7640,71.3462,72.3809,73.3318
33,53.4668,53.4731,50.1234,51.2108,54.3639,72.2475,72.1794,70.7031,71.7394,72.7571
34,44.8213,44.7776,43.8099,33.9606,47.7820,71.4409,71.3735,69.9121,70.6282,72.0225
35,43.9057,38.7913,38.7135,32.7218,48.2055,70.6542,70.4425,69.0207,69.5452,71.3420
36,44.3171,41.1345,36.7959,35.6826,48.1823,69.9226,69.6284,68.1256,68.6046,70.6987
37,43.5298,40.6572,35.6978,36.7050,36.7050,69.2093,68.8454,67.2491,67.7424,69.7799
38,44.6788,42.7362,35.7883,38.8548,38.8548,68.5637,68.1583,66.4212,66.9822,68.9661
39,44.8695,42.9810,36.2293,38.8476,38.8476,67.9562,67.5128,65.6471,66.2608,68.1938
40,45.0726,46.5188,38.3044,38.8281,38.8281,67.3841,66.9879,64.9635,65.5750,67.4597
41,45.7321,47.1578,40.2586,38.1784,38.1784,66.8560,66.5043,64.3610,64.9068,66.7455
42,45.7111,47.1295,41.4487,38.2109,38.2109,66.3525,66.0430,63.8154,64.2712,66.0661
43,44.6610,46.2857,40.1751,37.5285,37.5285,65.8481,65.5835,63.2656,63.6492,65.4025
44,14.5844,14.6950,18.7066,14.2917,14.9861,64.6830,64.4269,62.2529,62.5275,64.2566
45,67.7456,67.7256,28.7635,67.6418,67.6418,64.7511,64.5002,61.5087,62.6411,64.3319
46,15.1159,15.1205,19.8824,15.0844,15.1070,63.6720,63.4268,60.6038,61.6073,63.2618
47,10.9911,10.9909,11.2248,10.6485,10.6606,62.5512,62.3111,59.5532,60.5231,62.1426
48,12.1599,12.1583,11.1780,11.2564,12.1346,61.5013,61.2662,58.5454,59.4967,61.1008
49,12.4927,12.4929,11.7369,11.5232,12.6682,60.5012,60.2709,57.5901,58.5176,60.1123
50,12.4938,12.4938,11.6686,11.4877,12.7336,59.5410,59.3153,56.6717,57.5770,59.1648
51,11.7325,11.7329,11.9319,11.1641,11.8471,58.6036,58.3823,55.7944,56.6670,58.2370
52,13.0866,13.0856,12.1430,11.6267,13.3685,57.7283,57.5113,54.9550,55.8008,57.3741
53,10.7260,10.7259,10.7375,9.8040,10.9800,56.8414,56.6285,54.1207,54.9329,56.4987
54,10.9609,10.9628,11.0601,9.8172,12.1549,55.9918,55.7829,53.3233,54.0975,55.6776
55,10.7584,10.7628,11.1298,9.6540,11.0110,55.1694,54.9643,52.5561,53.2894,54.8654
56,6.7569,6.7569,6.8425,5.9953,6.7814,54.3049,54.1035,51.7398,52.4449,54.0068
57,6.7569,6.7569,6.8362,5.9953,6.7814,53.4707,53.2728,50.9520,51.6300,53.1783
58,7.2397,7.2492,7.3985,6.6368,7.2772,52.6736,52.4793,50.2011,50.8542,52.3869
59,7.0169,7.0278,7.0813,6.4120,7.0614,51.8998,51.7089,49.4702,50.1010,51.6187
60,7.3077,7.4118,7.4042,7.0338,7.6626,51.1566,50.9707,48.7691,49.3832,50.8861
61,9.1380,9.4392,7.7421,7.5381,10.2017,50.4677,50.2898,48.0966,48.6972,50.2191
62,8.0066,8.3493,8.1221,7.8371,9.0650,49.7829,49.6134,47.4518,48.0382,49.5553
63,8.0762,8.1574,7.8683,7.7646,9.0197,49.1209,48.9553,46.8235,47.3989,48.9119
64,8.9688,9.1774,8.0981,8.1159,10.0565,48.4935,48.3338,46.2184,46.7851,48.3048
65,8.0636,8.3866,7.9276,7.7939,9.3889,47.8715,47.7192,45.6293,46.1852,47.7061
66,7.8849,7.9682,7.8778,7.5516,9.0098,47.2656,47.1169,45.0573,45.5999,47.1198
67,7.5809,7.8339,7.9004,7.4209,8.6067,46.6733,46.5306,44.5028,45.0300,46.5450
68,6.5327,6.6011,6.7932,6.4054,7.1174,46.0830,45.9434,43.9482,44.4620,45.9651
69,6.8865,6.9711,6.8208,6.7149,7.5251,45.5149,45.3786,43.4101,43.9150,45.4080
70,5.9755,6.1746,5.9988,5.8211,6.6177,44.9501,44.8185,42.8757,43.3708,44.8539
71,6.8112,6.8090,5.7846,6.0021,8.2290,44.4129,44.2832,42.3533,42.8445,44.3380
72,6.0771,5.9989,5.7940,5.7035,7.7044,43.8805,43.7515,41.8455,42.3286,43.8292
73,6.3708,6.2952,5.7460,5.7552,7.6404,43.3667,43.2384,41.3510,41.8276,43.3335
74,6.4898,6.4507,5.9689,5.8568,7.7671,42.8683,42.7412,40.8729,41.3415,42.8529
75,5.8107,5.9465,6.3849,5.2961,7.8294,42.3742,42.2506,40.4130,40.8609,42.3859
76,6.2307,6.1944,6.0862,6.0906,6.8730,41.8986,41.7762,39.9613,40.4034,41.9186
77,7.2018,7.1617,7.4835,7.0423,7.9228,41.4480,41.3267,39.5396,39.9701,41.4771
78,7.1523,7.1065,7.0849,6.9834,7.6766,41.0083,40.8880,39.1235,39.5472,41.0438
79,5.8766,5.9040,6.7623,5.4661,7.4241,40.5636,40.4451,38.7138,39.1158,40.6182
80,7.1156,7.1276,6.6119,6.7531,8.5095,40.1455,40.0287,38.3126,38.7113,40.2169
81,5.0776,5.0702,5.9681,5.0403,5.2146,39.7126,39.5971,37.9132,38.2956,39.7847
82,6.7149,6.7465,5.6433,6.6395,7.0680,39.3102,39.1965,37.5197,37.9095,39.3857
83,6.4305,6.4273,6.3792,6.1130,7.6360,38.9141,38.8016,37.1445,37.5265,39.0032
84,5.7908,5.7853,6.1388,5.7064,6.3720,38.5197,38.4086,36.7754,37.1476,38.6147
85,6.7279,6.7206,6.7381,5.5578,7.1073,38.1457,38.0358,36.4220,36.7760,38.2441
86,7.0516,7.0484,6.7677,7.0119,7.5234,37.7841,37.6755,36.0772,36.4299,37.8869
87,6.2610,6.2502,6.4400,5.2809,6.5763,37.4218,37.3143,35.7366,36.0719,37.5270
88,5.5075,5.4976,5.7094,5.2601,6.0214,37.0591,36.9527,35.3953,35.7217,37.1689
89,5.9006,5.8970,6.0806,5.2393,6.4336,36.7091,36.6038,35.0660,35.3792,36.8236
90,5.6010,5.5979,5.6677,5.4773,6.0624,36.3634,36.2593,34.7393,35.0470,36.4818
91,5.2229,5.2079,5.5039,5.0878,5.9497,36.0212,35.9180,34.4180,34.7178,36.1463
92,5.8598,5.8571,5.7687,5.2033,6.2609,35.6934,35.5913,34.1066,34.3970,35.8215
93,6.1522,6.2203,6.2620,5.2670,6.4520,35.3757,35.2755,33.8072,34.0837,35.5057
94,6.7059,7.2164,7.7979,4.8730,8.1900,35.0707,34.9770,33.5305,33.7730,35.2151
95,12.3853,13.2463,13.7827,11.2135,14.4535,34.8319,34.7482,33.3227,33.5355,34.9965
96,21.4769,22.9457,23.6331,20.3088,24.4226,34.6928,34.6253,33.2217,33.3977,34.8864
97,21.4812,22.9367,23.5606,20.4938,24.4669,34.5566,34.5048,33.1221,33.2647,34.7790
98,23.5535,24.6517,25.2487,22.3313,25.9103,34.4443,34.4042,33.0418,33.1531,34.6885
99,24.0268,25.0635,25.5900,23.2210,26.1687,34.3391,34.3099,32.9665,33.0528,34.6024
100,24.3957,25.0879,25.5754,23.5017,26.1015,34.2397,34.2177,32.8926,32.9573,34.5174
101,24.8144,25.3634,25.7434,23.9772,26.2742,34.1463,34.1300,32.8218,32.8684,34.4358
102,24.9455,25.5958,25.5343,24.5936,26.1047,34.0561,34.0463,32.7504,32.7873,34.3541
103,25.0552,25.6957,25.7469,24.6019,26.2509,33.9688,33.9653,32.6824,32.7078,34.2754
104,28.3004,28.7908,28.9050,27.9442,29.2233,33.9143,33.9155,32.6461,32.6620,34.2268
105,28.4913,29.0951,29.0496,28.5726,29.2946,33.8626,33.8696,32.6118,32.6231,34.1799
106,28.2791,28.8953,28.9201,28.5129,29.1057,33.8099,33.8227,32.5770,32.5843,34.1320
107,28.4818,28.9134,28.8239,28.7447,28.9966,33.7601,33.7768,32.5419,32.5484,34.0840
108,28.2997,28.8925,28.8725,28.8602,29.0413,33.7096,33.7316,32.5079,32.5142,34.0373
109,28.4854,28.9544,28.9094,28.8032,29.0436,33.6616,33.6877,32.4749,32.4802,33.9915
110,25.7491,27.4526,28.3933,26.6402,28.5915,33.5897,33.6311,32.4378,32.4271,33.9424
111,25.5977,26.9880,27.8967,26.1778,28.6339,33.5177,33.5712,32.3969,32.3708,33.8946
112,23.9351,25.8748,27.3250,24.0614,28.6372,33.4322,33.5025,32.3516,32.2966,33.8476
113,23.7757,26.0695,26.6894,25.0076,28.3118,33.3467,33.4367,32.3015,32.2321,33.7987
114,23.4493,24.4670,26.2342,23.5516,28.0693,33.2599,33.3580,32.2483,32.1560,33.7484
115,23.2937,24.0529,25.4766,23.4932,26.9905,33.1732,33.2771,32.1894,32.0806,33.6896
116,22.9699,23.5300,24.6365,22.9296,23.7982,33.0853,33.1931,32.1243,32.0017,33.6044
117,23.5506,24.0183,24.4843,23.5107,24.2616,33.0038,33.1147,32.0590,31.9292,33.5245
118,23.7377,24.3717,24.7051,24.2502,24.8282,32.9252,33.0406,31.9967,31.8641,33.4508
119,25.2044,24.7428,25.2890,24.6327,25.2472,32.8604,32.9708,31.9403,31.8033,33.3819
120,34.7973,35.9116,24.6959,29.8324,29.8324,32.8765,32.9954,31.8799,31.7869,33.3523
121,38.3782,39.6222,25.5717,38.6904,39.9632,32.9220,33.0501,31.8278,31.8440,33.4069
122,36.3541,36.6499,27.7336,37.8786,38.9015,32.9501,33.0796,31.7942,31.8934,33.4520
123,28.4519,28.7408,27.7265,30.7097,32.0469,32.9135,33.0444,31.7612,31.8838,33.4405
124,25.0549,28.4794,29.8460,27.0638,30.4505,32.8502,33.0075,31.7457,31.8449,33.4164
125,26.0514,28.7202,28.2786,25.8279,30.2473,32.7958,32.9732,31.7180,31.7968,33.3911
126,24.3691,26.6158,26.8949,27.3925,32.1088,32.7289,32.9228,31.6797,31.7618,33.3809
127,27.5805,28.5268,25.9523,28.8428,34.4441,32.6883,32.8882,31.6346,31.7389,33.3893
128,31.0799,30.6940,20.8555,32.1341,35.4930,32.6758,32.8710,31.5504,31.7419,33.4057
129,27.1329,26.4058,21.7965,27.3403,32.7657,32.6328,32.8209,31.4748,31.7078,33.4008
130,26.5669,25.5136,23.1225,26.9786,30.9106,32.5862,32.7647,31.4105,31.6714,33.3816
131,26.1943,25.1308,23.8124,27.2750,30.6813,32.5374,32.7064,31.3525,31.6379,33.3610
132,27.8509,26.4853,24.9127,27.8388,34.0804,32.5019,32.6593,31.3037,31.6091,33.3664
133,27.1064,25.2642,25.4121,27.9620,31.1237,32.4613,32.6037,31.2595,31.5817,33.3496
134,24.1910,23.1198,24.5114,25.4270,30.0135,32.3996,32.5329,31.2091,31.5358,33.3247
135,24.5050,23.2320,24.2762,25.5872,30.1073,32.3411,32.4640,31.1577,31.4917,33.3008
136,23.9576,23.5673,23.7406,26.4387,29.9815,32.2794,32.3986,31.1032,31.4545,33.2764
137,24.4439,22.7783,22.8015,25.7383,28.8453,32.2223,32.3284,31.0426,31.4128,33.2441
138,29.5060,25.6786,20.7658,26.3696,26.5539,32.2026,32.2802,30.9681,31.3763,33.1956
139,25.5832,24.0677,21.4064,24.5456,24.5812,32.1550,32.2211,30.8993,31.3271,33.1336
140,30.8458,29.9896,24.2444,28.4481,32.9948,32.1456,32.2052,30.8518,31.3066,33.1326
141,26.0403,24.2001,25.3731,23.6233,29.9204,32.1023,32.1484,30.8130,31.2521,33.1099
142,25.5564,22.1408,32.0670,21.3259,25.7054,32.0562,32.0779,30.8218,31.1822,33.0577
143,24.3823,24.6233,30.5202,22.0193,26.9976,32.0025,32.0258,30.8197,31.1181,33.0153
144,20.9176,20.0994,26.3040,19.4471,26.6761,31.9256,31.9430,30.7883,31.0370,32.9713
145,20.3834,20.1325,23.3123,21.6601,30.7901,31.8460,31.8615,30.7368,30.9724,32.9563
146,22.2379,21.7724,22.2485,18.1473,32.8808,31.7801,31.7924,30.6786,30.8845,32.9558
147,26.0219,20.4474,19.6787,16.5873,22.8178,31.7410,31.7152,30.6038,30.7873,32.8868
148,23.5505,21.6140,17.2826,23.4874,32.3141,31.6856,31.6470,30.5138,30.7379,32.8829
149,26.6991,28.5662,17.9079,27.7105,30.1337,31.6522,31.6263,30.4292,30.7176,32.8645
150,26.8120,26.4979,19.0626,26.1912,27.7729,31.6199,31.5921,30.3534,30.6874,32.8305
151,25.5314,21.3323,20.0624,26.7837,26.9736,31.5796,31.5242,30.2853,30.6616,32.7917
152,32.8948,32.2995,23.6061,31.3634,33.9753,31.5882,31.5293,30.2413,30.6662,32.7995
153,26.2524,28.1610,24.0777,26.9459,26.9459,31.5534,31.5073,30.2010,30.6419,32.7613
154,20.8102,23.2539,22.6019,25.6489,26.4320,31.4836,31.4537,30.1517,30.6095,32.7202
155,20.5982,22.2758,22.6920,25.1631,25.6212,31.4134,31.3945,30.1036,30.5743,32.6744
156,29.6896,30.9972,22.9925,23.3222,26.6576,31.4023,31.3919,30.0580,30.5279,32.6358
157,30.5759,30.3870,22.7914,27.9503,28.6358,31.3971,31.3855,30.0117,30.5114,32.6103
158,36.5672,36.8899,27.4563,37.4264,37.6365,31.4298,31.4204,29.9955,30.5552,32.6421
159,37.7293,38.8767,32.2561,38.2182,39.4512,31.4694,31.4672,30.0097,30.6034,32.6850
160,29.0022,31.7696,33.6292,32.8332,34.2189,31.4540,31.4691,30.0324,30.6173,32.6945
161,30.6314,31.6071,28.1800,31.7403,31.7403,31.4489,31.4700,30.0208,30.6243,32.6886
162,31.0376,32.6691,25.9310,32.0568,34.5186,31.4463,31.4774,29.9956,30.6331,32.6999
163,31.6723,32.4875,27.3105,32.1580,38.6871,31.4477,31.4836,29.9791,30.6425,32.7366
164,35.2857,36.0540,33.6797,37.0662,37.6048,31.4711,31.5115,30.0017,30.6817,32.7663
165,36.8427,37.2187,36.2542,38.4306,38.8141,31.5037,31.5460,30.0396,30.7286,32.8030
166,37.4684,37.8787,37.0084,38.7581,39.6907,31.5396,31.5842,30.0816,30.7770,32.8445
167,37.4106,37.9123,37.5501,38.4588,39.6435,31.5748,31.6221,30.1263,30.8230,32.8852
168,34.0998,33.7701,37.3869,34.0305,34.6656,31.5898,31.6349,30.1695,30.8421,32.8958
169,34.7410,35.7926,37.8837,35.7881,36.0352,31.6084,31.6595,30.2152,30.8714,32.9144
170,33.9134,37.6392,38.0288,35.9863,35.9863,31.6220,31.6947,30.2611,30.9014,32.9324
171,32.9905,39.8119,37.8307,39.4391,39.4391,31.6300,31.7421,30.3054,30.9514,32.9705
172,37.7394,44.3556,43.0497,44.2894,44.2894,31.6655,31.8155,30.3795,31.0289,33.0363
173,37.1572,44.2882,46.2799,42.8336,42.8336,31.6973,31.8876,30.4714,31.0972,33.0929
174,38.6529,45.5333,47.4228,40.9284,40.9284,31.7372,31.9660,30.5688,31.1537,33.1380
175,40.3571,47.5200,49.6581,42.4734,42.4734,31.7865,32.0549,30.6779,31.2183,33.1913
176,48.1925,52.0891,49.9407,50.6217,50.6217,31.8797,32.1687,30.7873,31.3286,33.2903
177,69.8794,67.7145,55.2488,67.4429,67.7776,32.0944,32.3695,30.9255,31.5326,33.4852
178,62.1477,62.9145,52.7067,60.8354,62.4108,32.2632,32.5411,31.0479,31.6972,33.6477
179,50.2691,49.7195,48.5252,47.6815,48.4722,32.3638,32.6371,31.1455,31.7865,33.7305
180,51.6783,51.6726,46.7549,49.5003,49.5003,32.4711,32.7428,31.2323,31.8850,33.8181
181,51.6099,51.1517,46.8203,51.3305,51.5266,32.5769,32.8445,31.3184,31.9924,33.9159
182,54.7001,54.7539,49.9126,53.6135,53.6135,32.6984,32.9649,31.4205,32.1112,34.0242
183,69.6484,69.4580,55.7876,67.5670,67.5670,32.9003,33.1643,31.5537,32.3049,34.2075
184,58.6097,58.6598,57.1686,58.0942,58.2277,33.0401,33.3029,31.6929,32.4451,34.3380
185,59.3085,59.3170,58.1115,58.6732,58.6732,33.1821,33.4435,31.8357,32.5869,34.4696
186,66.7143,66.7143,65.6586,57.7961,57.7961,33.3623,33.6224,32.0176,32.7224,34.5950
187,72.6992,72.6992,69.6901,64.9015,64.9015,33.5727,33.8314,32.2190,32.8945,34.7570
188,74.6067,74.6067,73.0917,65.8019,65.8019,33.7910,34.0482,32.4364,33.0695,34.9222
189,74.4712,74.4712,76.6310,65.5126,65.5126,34.0062,34.2621,32.6703,33.2412,35.0840
190,74.9292,74.9292,78.7558,65.3265,67.7324,34.2216,34.4762,32.9128,33.4100,35.2559
191,56.2152,56.2152,71.0082,48.8352,48.8352,34.3367,34.5900,33.1123,33.4908,35.3270
192,46.8749,46.8749,58.6097,41.7270,41.7270,34.4020,34.6540,33.2451,33.5337,35.3603
193,45.3194,45.3194,51.4211,39.9428,39.9428,34.4586,34.7092,33.3392,33.5669,35.3840
194,46.7064,46.7064,48.5244,37.1514,37.1514,34.5217,34.7711,33.4175,33.5854,35.3931
195,49.4132,49.4132,50.7118,38.2127,38.2127,34.5981,34.8462,33.5062,33.6091,35.4076
196,37.9068,37.9068,46.1361,33.3005,33.3005,34.6150,34.8618,33.5706,33.6075,35.3968
197,37.7487,37.7487,42.2940,29.4258,29.4258,34.6309,34.8764,33.6149,33.5863,35.3665
198,41.8155,41.8155,38.6883,29.8770,29.8770,34.6672,34.9115,33.6405,33.5676,35.3388
199,38.3843,38.3843,31.3421,30.4131,30.4131,34.6859,34.9289,33.6290,33.5517,35.3141
200,39.4941,39.4941,32.2192,28.9148,28.9148,34.7099,34.9517,33.6219,33.5285,35.2821
201,35.5591,35.5591,28.2100,24.9237,25.0941,34.7141,34.9548,33.5950,33.4857,35.2314
202,24.3641,24.3641,28.2110,24.4546,24.4554,34.6629,34.9023,33.5684,33.4410,35.1780
203,27.1865,27.1865,29.2274,24.6431,24.6431,34.6261,34.8643,33.5470,33.3977,35.1261
204,24.9042,24.9042,28.5760,24.8887,24.8896,34.5784,34.8155,33.5226,33.3560,35.0760
205,17.4024,17.4024,23.5669,16.0394,20.7221,34.4946,34.7306,33.4741,33.2715,35.0059
206,15.0881,15.0881,17.9237,15.1314,15.5623,34.4004,34.6352,33.3986,33.1834,34.9116
207,15.2397,15.6655,16.9722,15.1077,17.4241,34.3078,34.5436,33.3192,33.0961,34.8271
208,7.4539,6.9771,12.7964,7.2700,7.2731,34.1787,34.4110,33.2205,32.9720,34.6946
209,17.4911,14.8107,8.9789,7.2190,10.1167,34.0989,34.3173,33.1046,32.8487,34.5770
210,9.0645,9.9601,7.6761,8.6256,12.1116,33.9797,34.2013,32.9835,32.7334,34.4700
211,6.6814,7.9155,6.7668,5.7801,11.8905,33.8503,34.0767,32.8592,32.6057,34.3630
212,7.6144,8.0937,7.6468,6.7797,9.1774,33.7266,33.9541,32.7403,32.4838,34.2442
213,9.3919,9.7403,7.8124,8.5391,10.4888,33.6123,33.8405,32.6233,32.3714,34.1327
214,11.7548,11.8854,10.8069,11.3167,12.1706,33.5102,33.7379,32.5213,32.2730,34.0301
